0.705000
0.785000
0.770000
0.785000
0.805000
0.695000
0.785000
0.710000
0.780000
0.740000
0.675000
0.740000
0.780000
0.770000
0.835000
0.740000
0.830000
0.850000
0.925000
0.795000
0.780000
0.780000
0.800000
0.840000
0.770000
0.855000
0.810000
0.755000
0.790000
0.755000
0.750000
0.715000
0.795000
0.790000
0.775000
0.765000
0.820000
0.765000
0.795000
0.740000
0.770000
0.750000
0.700000
0.750000
0.720000
0.685000
0.750000
0.685000
0.790000
0.770000
0.725000
0.770000
0.775000
0.710000
0.830000
0.820000
0.765000
0.745000
0.770000
0.790000
0.800000
0.750000
0.765000
0.720000
0.705000
0.760000
0.705000
0.820000
0.735000
0.760000
0.700000
0.740000
0.755000
0.745000
0.800000
0.730000
0.725000
0.755000
0.785000
0.755000
0.735000
0.745000
0.735000
0.665000
0.765000
0.725000
0.775000
0.680000
0.735000
0.705000
0.725000
0.735000
0.785000
0.755000
0.790000
0.715000
0.695000
0.740000
0.730000
0.745000
0.725000
0.725000
0.745000
0.770000
0.715000
0.780000
0.740000
0.715000
0.800000
0.795000
0.705000
0.715000
0.695000
0.750000
0.705000
0.730000
0.655000
0.710000
0.675000
0.700000
0.655000
0.710000
0.720000
0.660000
0.725000
0.670000
0.660000
0.780000
0.715000
0.695000
0.720000
0.760000
0.755000
0.755000
0.695000
0.725000
0.740000
0.790000
0.755000
0.735000
0.770000
0.665000
0.755000
0.820000
0.780000
0.740000
0.750000
0.755000
0.785000
0.770000
0.750000
0.715000
0.740000
0.735000
0.730000
0.755000
0.740000
0.745000
0.665000
0.785000
0.710000
0.750000
0.750000
0.700000
0.735000
0.735000
0.725000
0.740000
0.720000
0.685000
0.735000
0.715000
0.715000
0.740000
0.745000
0.750000
0.675000
0.730000
0.735000
0.765000
0.745000
0.710000
0.685000
0.745000
0.730000
0.675000
0.765000
0.680000
0.680000
0.680000
0.680000
0.670000
0.715000
0.630000
0.670000
0.785000
0.700000
0.760000
0.790000
0.710000
0.730000
0.735000
0.740000
0.725000
0.740000
0.720000
0.675000
0.790000
0.770000
0.770000
0.775000
0.760000
0.765000
0.785000
0.780000
0.790000
0.780000
0.705000
0.825000
0.760000
0.790000
0.810000
0.750000
0.685000
0.760000
0.710000
0.770000
0.735000
0.655000
0.765000
0.775000
0.740000
0.780000
0.730000
0.710000
0.700000
0.695000
0.685000
0.715000
0.685000
0.720000
0.745000
0.690000
0.640000
0.665000
0.675000
0.640000
0.640000
0.575000
0.715000
0.710000
0.735000
0.705000
0.755000
0.725000
0.705000
0.835000
0.745000
0.765000
0.705000
0.715000
0.750000
0.720000
0.690000
0.740000
0.710000
0.740000
0.700000
0.780000
0.790000
0.730000
0.790000
0.740000
0.725000
0.775000
0.785000
0.775000
0.730000
0.745000
0.720000
0.745000
0.765000
0.685000
0.750000
0.735000
0.740000
0.710000
0.765000
0.720000
0.720000
0.740000
0.750000
0.750000
0.695000
0.705000
0.685000
0.725000
0.705000
0.755000
0.785000
0.755000
0.785000
0.810000
0.885000
0.890000
0.785000
0.760000
0.735000
0.805000
0.805000
0.770000
0.695000
0.765000
0.715000
0.765000
0.820000
0.810000
0.810000
0.735000
0.735000
0.725000
0.830000
0.805000
0.780000
0.725000
0.750000
0.765000
0.755000
0.755000
0.695000
0.700000
0.725000
0.715000
0.750000
0.735000
0.700000
0.680000
0.725000
0.685000
0.800000
0.785000
0.775000
0.685000
0.730000
0.705000
0.725000
0.785000
0.765000
0.695000
0.775000
0.740000
0.850000
0.750000
0.730000
0.740000
0.715000
0.740000
0.710000
0.730000
0.730000
0.725000
0.725000
0.765000
0.790000
0.760000
0.755000
0.715000
0.815000
0.750000
0.750000
0.735000
0.780000
0.730000
0.790000
0.715000
0.795000
0.755000
0.760000
0.775000
0.725000
0.700000
0.715000
0.700000
0.690000
0.720000
0.715000
0.695000
0.710000
0.745000
0.765000
0.695000
0.715000
0.730000
0.725000
0.750000
0.715000
0.710000
0.765000
0.730000
0.760000
0.820000
0.785000
0.735000
0.710000
0.730000
0.755000
0.740000
0.735000
0.705000
0.735000
0.750000
0.805000
0.730000
0.715000
0.710000
0.700000
0.745000
0.800000
0.725000
0.730000
0.730000
0.755000
0.715000
0.815000
0.720000
0.725000
0.750000
0.780000
0.800000
0.775000
0.790000
0.725000
0.730000
0.805000
0.775000
0.735000
0.755000
0.695000
0.690000
0.675000
0.775000
0.685000
0.770000
0.710000
0.655000
0.775000
0.750000
0.800000
0.800000
0.775000
0.725000
0.685000
0.810000
0.775000
0.755000
0.710000
0.725000
0.705000
0.700000
0.755000
0.695000
0.675000
0.725000
0.710000
0.750000
0.740000
0.765000
0.790000
0.735000
0.765000
0.720000
0.795000
0.795000
0.820000
0.740000
0.705000
0.765000
0.800000
0.750000
0.730000
0.755000
0.760000
0.755000
